64.0	9.0
65.0	14.0
66.0	14.0
67.0	15.0
68.0	13.0
69.0	13.0
70.0	16.0
71.0	17.0
72.0	14.0
73.0	14.0
74.0	15.0
75.0	16.0
76.0	15.0
77.0	14.0
78.0	14.0
79.0	14.0
80.0	13.0
81.0	15.0
82.0	13.0
83.0	12.0
84.0	12.0
85.0	9.0
86.0	14.0
87.0	16.0
88.0	14.0
89.0	17.0
90.0	16.0
91.0	15.0
92.0	14.0
93.0	14.0
94.0	20.0
95.0	15.0
96.0	16.0
97.0	15.0
98.0	16.0
99.0	13.0
100.0	14.0
101.0	16.0
102.0	16.0
103.0	16.0
104.0	14.0
105.0	15.0
106.0	13.0
107.0	16.0
108.0	14.0
109.0	16.0
110.0	15.0
111.0	15.0
112.0	14.0
113.0	14.0
114.0	13.0
115.0	12.0
116.0	13.0
117.0	14.0
118.0	17.0
119.0	16.0
120.0	16.0
121.0	15.0
122.0	17.0
123.0	16.0
124.0	16.0
125.0	16.0
126.0	16.0
127.0	15.0
128.0	13.0
129.0	16.0
130.0	16.0
131.0	16.0
132.0	16.0
133.0	14.0
134.0	15.0
135.0	15.0
136.0	15.0
137.0	15.0
138.0	15.0
139.0	16.0
140.0	16.0
141.0	17.0
142.0	16.0
143.0	16.0
144.0	16.0
145.0	16.0
146.0	15.0
147.0	13.0
148.0	15.0
149.0	15.0
150.0	15.0
151.0	17.0
152.0	16.0
153.0	17.0
154.0	16.0
155.0	16.0
156.0	16.0
157.0	15.0
158.0	15.0
159.0	15.0
160.0	15.0
161.0	17.0
162.0	17.0
163.0	16.0
164.0	16.0
165.0	15.0
166.0	16.0
167.0	16.0
168.0	16.0
169.0	18.0
170.0	19.0
171.0	16.0
172.0	15.0
173.0	15.0
174.0	17.0
175.0	16.0
176.0	16.0
177.0	17.0
178.0	17.0
179.0	17.0
180.0	16.0
181.0	17.0
182.0	17.0
183.0	16.0
184.0	15.0
185.0	15.0
186.0	15.0
187.0	20.0
188.0	17.0
189.0	17.0
190.0	17.0
191.0	17.0
192.0	16.0
193.0	16.0
194.0	16.0
195.0	16.0
196.0	16.0
197.0	17.0
198.0	16.0
199.0	15.0
200.0	15.0
201.0	16.0
202.0	16.0
203.0	16.0
204.0	16.0
205.0	16.0
206.0	17.0
207.0	17.0
208.0	16.0
209.0	17.0
210.0	17.0
211.0	16.0
212.0	15.0
213.0	15.0
214.0	17.0
215.0	16.0
216.0	16.0
217.0	17.0
218.0	16.0
219.0	17.0
220.0	17.0
221.0	17.0
222.0	16.0
223.0	16.0
224.0	16.0
225.0	15.0
226.0	17.0
227.0	17.0
228.0	16.0
229.0	17.0
230.0	17.0
231.0	17.0
232.0	17.0
233.0	16.0
234.0	16.0
235.0	17.0
236.0	17.0
237.0	16.0
238.0	17.0
239.0	16.0
240.0	16.0
241.0	19.0
242.0	17.0
243.0	16.0
244.0	16.0
245.0	16.0
246.0	16.0
247.0	16.0
248.0	16.0
249.0	16.0
250.0	16.0
251.0	17.0
252.0	16.0
253.0	17.0
254.0	17.0
255.0	17.0
256.0	17.0
257.0	17.0
258.0	17.0
259.0	17.0
260.0	17.0
261.0	16.0
262.0	17.0
263.0	17.0
264.0	17.0
265.0	16.0
266.0	15.0
267.0	17.0
268.0	17.0
269.0	17.0
270.0	17.0
271.0	17.0
272.0	17.0
273.0	17.0
274.0	17.0
275.0	16.0
276.0	16.0
277.0	16.0
278.0	17.0
279.0	17.0
280.0	17.0
281.0	19.0
282.0	17.0
283.0	17.0
284.0	19.0
285.0	17.0
286.0	17.0
287.0	17.0
288.0	17.0
289.0	17.0
290.0	16.0
291.0	17.0
292.0	17.0
293.0	18.0
294.0	17.0
295.0	17.0
296.0	17.0
297.0	17.0
298.0	17.0
299.0	17.0
300.0	17.0
301.0	17.0
302.0	17.0
303.0	17.0
304.0	17.0
305.0	17.0
306.0	17.0
307.0	17.0
308.0	17.0
309.0	17.0
310.0	16.0
311.0	17.0
312.0	16.0
313.0	16.0
314.0	16.0
315.0	16.0
316.0	16.0
317.0	16.0
318.0	16.0
319.0	16.0
320.0	16.0
321.0	19.0
322.0	17.0
323.0	17.0
324.0	17.0
325.0	17.0
326.0	16.0
327.0	17.0
328.0	17.0
329.0	17.0
330.0	17.0
331.0	16.0
332.0	16.0
333.0	16.0
334.0	17.0
335.0	17.0
336.0	17.0
337.0	17.0
338.0	18.0
339.0	23.0
340.0	23.0
341.0	23.0
342.0	17.0
343.0	17.0
344.0	17.0
345.0	17.0
346.0	17.0
347.0	18.0
348.0	18.0
349.0	18.0
350.0	17.0
351.0	17.0
352.0	17.0
353.0	17.0
354.0	17.0
355.0	17.0
356.0	17.0
357.0	17.0
358.0	17.0
359.0	17.0
360.0	17.0
361.0	17.0
362.0	17.0
363.0	17.0
364.0	17.0
365.0	17.0
366.0	17.0
367.0	17.0
368.0	17.0
369.0	17.0
370.0	16.0
371.0	16.0
372.0	16.0
373.0	16.0
374.0	17.0
375.0	17.0
376.0	17.0
377.0	17.0
378.0	17.0
379.0	19.0
380.0	17.0
381.0	17.0
382.0	17.0
383.0	17.0
384.0	17.0
385.0	17.0
386.0	17.0
387.0	17.0
388.0	17.0
389.0	17.0
390.0	17.0
391.0	16.0
392.0	16.0
393.0	17.0
394.0	18.0
395.0	17.0
396.0	17.0
397.0	17.0
398.0	17.0
399.0	17.0
400.0	16.0
401.0	19.0
402.0	19.0
403.0	19.0
404.0	17.0
405.0	17.0
406.0	17.0
407.0	17.0
408.0	17.0
409.0	17.0
410.0	17.0
411.0	17.0
412.0	17.0
413.0	17.0
414.0	17.0
415.0	17.0
416.0	17.0
417.0	17.0
418.0	17.0
419.0	18.0
420.0	17.0
421.0	17.0
422.0	17.0
423.0	17.0
424.0	17.0
425.0	21.0
426.0	21.0
427.0	17.0
428.0	18.0
429.0	17.0
430.0	17.0
431.0	17.0
432.0	17.0
433.0	17.0
434.0	17.0
435.0	17.0
436.0	17.0
437.0	17.0
438.0	17.0
439.0	17.0
440.0	18.0
441.0	17.0
442.0	17.0
443.0	18.0
444.0	17.0
445.0	17.0
446.0	17.0
447.0	17.0
448.0	17.0
449.0	18.0
450.0	18.0
451.0	16.0
452.0	16.0
453.0	16.0
454.0	16.0
455.0	16.0
456.0	16.0
457.0	16.0
458.0	17.0
459.0	17.0
460.0	17.0
461.0	17.0
462.0	17.0
463.0	17.0
464.0	17.0
465.0	17.0
466.0	17.0
467.0	17.0
468.0	17.0
469.0	18.0
470.0	20.0
471.0	19.0
472.0	19.0
473.0	19.0
474.0	19.0
475.0	19.0
476.0	19.0
477.0	17.0
478.0	17.0
479.0	16.0
480.0	16.0
481.0	20.0
482.0	19.0
483.0	19.0
484.0	19.0
485.0	17.0
486.0	17.0
487.0	18.0
488.0	18.0
489.0	18.0
490.0	18.0
491.0	18.0
492.0	18.0
493.0	18.0
494.0	18.0
495.0	18.0
496.0	18.0
497.0	18.0
498.0	18.0
499.0	18.0
500.0	18.0
501.0	18.0
502.0	17.0
503.0	17.0
504.0	17.0
505.0	20.0
506.0	21.0
507.0	21.0
508.0	21.0
509.0	20.0
510.0	20.0
511.0	20.0
